Filetype: IR signals file
Version: 1
# 
name: On_off
type: raw
frequency: 38000
duty_cycle: 0.330000
data: 1255 439 1202 440 492 1192 1203 441 1228 429 491 1180 492 1195 487 1181 490 1222 1174 442 490 1192 491 7901 1230 477 1201 441 492 1190 1203 441 1228 431 481 1189 490 1191 489 1182 490 1193 1202 441 491 1192 489 7901 1255 439 1227 427 492 1181 1226 428 1228 416 491 1193 490 1180 490 1191 491 1180 1228 430 489 1180 490 7915 1253 440 1226 430 480 1189 1203 453 1203 443 487 1197 485 1184 488 1196 485 1186 1202 454 405 1267 485 7921 1226 466 1201 456 379 1292 1200 456 1199 445 404 1280 378 1291 430 1253 379 1294 1199 456 379 1292 428
# 
name: Up
type: raw
frequency: 38000
duty_cycle: 0.330000
data: 1283 408 1205 439 439 1247 1201 438 1259 398 439 1232 439 1242 439 1231 440 1276 407 1262 1228 398 438 8003 1230 477 1201 439 440 1244 1203 439 1259 397 439 1233 440 1242 438 1233 439 1247 435 1231 1260 397 438 8002 1287 409 1257 401 436 1229 1260 428 1228 385 441 1244 439 1230 440 1243 440 1234 438 1244 1257 385 439 8013 1285 408 1258 399 437 1230 1260 397 1205 440 439 1244 438 1235 436 1242 439 1233 440 1244 1204 438 440 8017 1283 439 1228 398 436 1234 1258 397 1205 442 438 1274 406 1234 439 1244 436 1236 438 1243 1204 439 439 8046 1254 407 1260 385 439 1245 1257 385 1258 430 409 1244 384 1284 441 1230 440 1276 409 1234 1254 397 440 8045 1254 410 1203 440 438 1245 1203 438 1259 399 439 1231 441 1245 437 1232 439 1245 439 1230 1260 397 440
# 
name: Down
type: raw
frequency: 38000
duty_cycle: 0.330000
data: 1253 439 1174 437 441 1246 1201 438 1259 400 437 1262 409 1243 1204 469 409 1246 437 1233 437 1243 438 7955 1227 475 1203 440 438 1243 1204 441 1256 430 406 1235 438 1243 1204 438 440 1245 437 1235 437 1244 436 7953 1285 439 1227 400 437 1232 1257 399 1257 387 438 1245 438 1231 1257 400 437 1234 438 1242 440 1233 436 7967 1253 438 1228 428 490 1178 1229 427 1203 441 492 1190 492 1179 1228 428 490 1181 492 1190 491 1180 491 7914 1252 439 1227 429 381 1288 1227 428 1202 443 489 1193 482 1187 1229 428 383 1290 490 1193 481 1188 491 7914 1254 441 1225 416 489 1194 1227 415 1228 429 491 1193 381 1289 1227 427 383 1289 493 1193 380 1287 492 7915 1253 438 1203 439 492 1192 1203 439 1229 429 490 1180 492 1189 1205 440 491 1194 490 1179 492 1191 491
# 
name: Swivel
type: raw
frequency: 38000
duty_cycle: 0.330000
data: 1241 449 1218 425 445 1244 1216 427 1214 441 442 1233 519 1155 521 1153 521 1168 389 1287 515 1158 1191 7190 1242 449 1191 464 388 1287 1216 437 1218 459 486 1157 442 1245 388 1286 440 1236 518 1156 521 1157 1214 7165 1244 448 1216 439 518 1157 1191 466 1215 426 417 1270 390 1288 516 1159 518 1157 415 1259 416 1257 1218 7164 1269 424 1215 439 415 1260 1216 438 1218 442 386 1287 518 1156 415 1259 416 1261 416 1259 415 1270 1218 7153 1267 434 1218 458 383 1272 1217 423 1217 443 441 1233 414 1259 416 1259 416 1273 388 1286 517 1156 1218 7162 1242 450 1216 437 389 1320 1184 426 1215 441 414 1259 416 1259 416 1272 438 1236 517 1158 414 1293 1181 7163 1244 449 1214 440 442 1233 1217 438 1217 426 416 1260 415 1270 440 1235 442 1235 413 1259 416 1259 1215
# 
name: Mode
type: raw
frequency: 38000
duty_cycle: 0.330000
data: 1285 408 1205 438 440 1243 1205 438 1259 399 439 1233 438 1245 437 1231 1259 399 439 1232 439 1243 439 7953 1233 474 1204 440 439 1243 1204 439 1259 398 438 1234 439 1274 406 1263 1228 400 436 1234 439 1244 437 7961 1281 407 1260 398 439 1230 1259 399 1257 385 441 1245 438 1261 409 1245 1257 390 436 1245 439 1232 438 7968 1283 410 1257 398 438 1233 1258 396 1207 441 439 1275 407 1230 441 1244 1204 438 442 1244 438 1231 440 7966 1287 408 1259 397 438 1234 1258 395 1207 438 443 1244 437 1232 440 1241 1206 442 439 1242 439 1232 440 7969 1284 406 1261 383 441 1274 1228 384 1259 401 438 1245 434 1235 440 1230 1259 399 441 1242 436 1235 440
